1435
1934
667
658
2098
894
583
888
707
897
495
690
1108
1145
951
973
1049
744
750
412
1195
706
830
867
329
482
725
410
1062
118
261
990
485
493
333
639
696
286
911
463
393
579
658
340
303
939
944
524
730
433
555
430
319
426
463
312
519
490
347
633
456
320
380
545
303
421
871
287
401
381
389
477
295
929
458
431
720
455
318
344
335
118
511
245
448
444
300
415
314
325
247
496
431
293
392
214
250
273
300
351
235
494
632
621
383
404
318
243
480
375
268
330
275
326
474
739
350
240
312
211
430
331
268
301
403
604
