91
100
95
97
100
130
110
97
108
99
104
94
107
105
102
98
110
115
111
103
97
108
103
97
92
102
95
97
97
109
100
103
101
102
106
98
97
100
99
105
94
100
99
100
96
101
94
105
97
96
102
99
98
99
98
100
92
127
98
94
101
101
94
100
97
125
103
99
108
101
132
105
99
115
101
97
95
101
99
95
101
108
102
100
101
108
111
100
110
99
109
102
101
101
103
100
103
98
119
97
110
109
115
117
116
118
136
101
104
119
101
97
111
111
107
106
99
95
101
109
100
103
92
101
99
101
103
102
100
98
121
95
95
104
95
101
100
101
101
97
107
101
94
98
98
99
112
104
95
107
101
98
99
98
111
103
103
92
105
116
98
100
95
99
107
115
95
105
102
103
101
100
107
91
103
96
100
111
97
98
96
108
99
94
100
105
94
106
93
107
98
99
108
112
95
93
101
112
100
104
97
96
96
97
94
107
111
117
116
118
136
93
100
101
97
100
103
92
100
110
94
93
100
105
93
97
93
100
100
96
92
100
99
94
102
107
97
103
99
98
101
104
98
110
94
108
96
96
109
114
102
105
109
107
99
125
101
99
105
103
111
109
121
97
110
96
99
109
97
98
99
101
97
99
104
97
101
100
106
99
97
97
95
101
93
96
93
96
98
103
91
91
109
97
106
100
99
110
106
97
108
100
99
126
94
104
111
101
110
103
93
117
116
118
136
102
95
108
91
105
97
99
101
94
98
95
96
100
92
108
108
108
106
93
120
101
104
96
101
110
99
107
99
97
130
99
115
103
95
99
102
105
94
102
110
104
98
104
99
97
99
99
97
99
106
93
107
103
101
110
111
95
109
94
110
109
97
97
92
100
93
95
93
96
119
97
97
104
115
100
104
98
115
107
94
107
101
111
100
100
102
113
101
101
105
100
96
94
99
100
92
105
98
99
114
117
116
118
136
104
107
97
109
105
110
103
101
98
92
93
110
102
101
99
98
97
111
116
102
107
97
98
107
108
101
103
96
94
103
102
101
105
102
104
99
109
97
98
105
101
101
100
95
95
101
124
102
103
98
100
97
98
93
96
94
97
106
99
97
107
94
92
96
101
95
104
102
109
101
111
110
99
108
104
105
103
103
107
98
103
95
107
101
107
103
115
109
96
111
100
95
123
101
95
96
108
104
91
116
117
116
118
136
98
105
91
112
107
108
107
103
98
93
97
122
96
106
116
99
110
97
103
103
96
94
98
98
93
113
95
100
108
103
103
94
106
95
100
100
94
118
94
104
93
94
100
96
96
123
105
94
102
108
95
101
102
128
110
108
104
96
109
94
105
100
95
99
94
97
97
94
97
93
93
113
101
106
97
105
96
103
95
110
114
96
99
112
105
109
95
112
97
104
99
103
126
103
127
96
101
96
108
101
117
116
118
136
99
118
101
97
106
119
102
101
94
93
102
92
110
94
97
128
92
93
107
95
102
95
103
118
101
101
103
93
96
96
109
106
103
96
102
99
95
106
102
95
104
98
123
103
100
98
104
92
105
95
97
91
96
109
96
100
93
105
101
105
95
95
99
120
100
97
104
102
98
104
100
101
115
102
103
102
107
100
103
113
97
95
100
94
93
98
97
104
105
107
94
123
109
94
96
94
107
98
97
95
117
116
118
136
93
98
96
102
96
103
97
98
107
107
94
111
115
109
98
96
100
102
101
94
101
97
93
122
95
121
93
111
100
97
98
114
105
103
99
106
130
113
93
97
100
118
96
94
102
97
98
94
96
97
105
99
98
113
102
98
95
101
98
108
102
108
98
121
98
111
106
93
105
104
99
95
99
102
105
99
95
113
101
100
106
99
114
110
104
103
107
92
97
124
93
103
105
98
98
97
109
101
108
99
117
116
118
136
99
97
100
100
100
94
113
98
98
99
93
108
96
93
95
104
97
97
96
112
96
103
98
102
105
124
103
109
99
104
101
96
99
99
99
102
93
98
105
100
94
100
96
103
110
96
109
99
100
95
94
93
100
102
97
109
98
97
95
99
97
99
105
100
101
103
106
102
107
101
97
115
96
100
96
99
101
109
102
96
98
96
96
99
96
109
104
104
98
100
99
93
101
106
117
111
99
111
107
98
117
116
118
136
101
96
95
107
95
99
98
95
104
97
100
94
107
96
96
109
99
110
95
100
97
103
103
107
96
111
98
97
104
95
93
104
99
101
105
104
96
105
102
108
100
96
108
101
101
107
95
104
96
95
110
104
96
97
110
111
107
104
98
104
97
96
102
107
95
103
100
99
95
104
103
94
93
101
100
97
101
96
110
100
105
100
103
100
101
101
103
96
101
112
99
95
104
110
102
100
100
105
94
100
117
116
118
136
109
104
103
108
101
107
97
113
98
106
101
102
94
101
96
93
100
101
96
109
97
97
117
102
106
105
100
107
93
104
95
100
97
101
92
109
129
99
110
98
110
96
106
98
103
98
101
106
95
94
92
123
107
99
96
104
96
104
96
99
107
99
98
100
101
103
105
98
95
105
111
96
94
99
110
106
98
109
109
93
97
92
101
96
101
104
103
104
104
105
103
96
110
95
96
126
109
105
99
100
117
116
118
136
109
93
108
95
100
102
94
112
119
98
96
98
103
112
104
101
116
105
100
103
95
98
99
99
96
107
93
104
112
96
102
94
115
97
105
107
132
104
101
105
99
94
95
109
91
100
118
91
105
98
98
103
98
106
109
95
103
115
99
96
100
99
126
112
99
95
95
95
112
97
105
97
100
106
113
95
101
107
95
97
94
108
112
123
97
97
94
106
98
100
96
107
91
95
100
95
105
100
95
98
117
116
118
136
