160
146
145
147
165
141
162
140
152
140
140
142
149
145
160
150
140
142
133
134
173
177
153
159
154
146
154
164
227
166
147
143
166
139
166
147
142
142
168
158
165
134
174
150
141
144
154
132
148
169
149
148
139
151
186
158
138
159
151
155
138
152
148
176
149
143
142
233
154
177
144
140
158
161
135
151
160
170
137
138
163
145
147
151
154
134
153
138
166
136
148
189
182
214
141
150
170
149
170
135
143
163
164
178
145
191
164
156
174
135
158
139
140
152
155
140
180
161
149
172
144
137
139
158
146
143
138
143
144
133
144
164
171
164
162
132
143
164
133
150
140
138
146
138
158
158
195
209
194
142
149
185
136
159
141
147
145
168
149
142
171
136
139
159
143
142
168
206
142
234
155
160
151
142
140
137
157
161
134
160
149
156
147
144
137
149
152
138
159
175
166
143
139
149
164
145
157
153
200
168
136
155
145
137
136
153
163
146
148
134
143
161
152
137
147
205
151
147
180
175
139
138
140
159
144
131
146
156
161
143
144
149
135
158
159
163
171
152
139
143
141
167
143
144
167
169
137
157
171
150
144
155
151
144
139
152
145
174
152
141
138
173
134
146
141
144
143
135
156
170
175
136
158
174
156
140
152
149
187
178
161
181
207
175
141
163
155
159
154
149
144
176
170
170
163
184
181
148
135
142
150
172
133
163
147
159
146
141
135
174
160
163
159
132
195
137
153
183
161
154
141
141
143
146
165
158
143
156
155
150
202
165
176
151
162
157
161
150
157
157
150
136
138
164
149
135
150
143
145
168
145
192
142
142
182
140
147
144
156
144
143
171
165
145
139
162
159
162
226
180
164
144
154
161
144
133
144
146
143
152
152
170
141
136
160
160
158
162
148
152
149
163
164
152
141
148
152
143
134
139
153
156
154
130
167
184
156
133
136
150
139
155
132
143
150
189
182
145
142
160
138
135
148
138
145
144
155
215
190
153
185
215
135
186
152
135
140
160
146
144
137
162
150
141
204
147
145
135
157
162
144
139
136
173
189
158
173
155
167
139
148
153
134
171
171
158
170
146
151
147
150
148
138
165
143
142
163
146
143
165
133
141
140
155
163
151
151
139
141
146
190
140
136
152
133
174
168
154
140
154
143
162
142
132
145
168
147
152
159
159
161
147
169
156
133
144
149
147
151
162
167
146
156
159
145
141
156
154
148
170
161
140
136
149
156
167
153
143
151
158
220
141
164
145
143
147
145
145
146
141
142
176
158
161
166
147
170
148
151
215
135
147
146
157
177
148
145
147
144
145
143
137
148
143
196
148
139
142
181
141
161
147
171
141
139
137
138
136
162
217
134
151
140
141
177
141
180
166
133
164
192
141
141
145
134
174
135
214
177
151
140
144
143
141
178
163
142
151
152
147
150
150
149
176
138
134
156
151
138
219
144
200
152
158
139
171
139
139
148
161
142
155
179
142
150
142
159
166
143
145
147
147
139
149
145
143
160
143
139
140
142
148
158
147
156
152
163
152
140
156
189
148
141
165
146
179
141
142
154
145
157
133
142
141
143
142
159
174
149
152
152
147
139
136
151
151
140
171
152
149
142
154
141
138
165
151
153
153
165
186
144
141
146
138
140
177
140
180
160
135
136
150
160
148
191
135
173
146
149
141
213
193
166
159
148
149
141
134
143
152
148
134
143
147
145
139
146
155
148
141
140
154
157
146
137
152
196
150
134
140
147
182
172
139
141
138
232
148
174
134
144
174
149
143
145
135
135
142
136
138
142
148
140
168
244
156
138
157
147
144
166
140
196
143
131
159
138
143
162
167
150
143
147
135
143
191
151
147
166
158
140
136
150
164
139
134
238
188
201
144
180
152
136
160
149
140
143
146
135
140
145
146
175
184
134
140
151
146
152
163
235
210
143
139
150
148
141
146
148
138
137
144
169
146
156
139
138
139
160
171
152
151
155
170
151
147
140
161
139
148
137
146
137
162
155
161
133
149
150
149
152
140
170
175
138
159
156
155
173
167
136
157
170
144
145
141
167
158
150
166
135
179
169
203
148
168
229
144
166
145
135
147
183
199
220
157
141
130
164
140
135
140
155
145
175
173
140
142
164
149
146
139
143
139
164
144
143
145
168
154
139
143
139
171
191
137
135
135
155
184
154
143
145
168
148
134
156
135
139
189
208
150
164
149
148
153
157
145
168
148
168
153
178
177
144
150
162
155
134
175
166
152
148
133
133
148
153
145
139
145
138
187
196
155
153
155
248
151
146
211
145
140
134
168
223
210
170
149
149
142
137
195
135
146
210
164
176
136
147
165
150
137
146
185
140
166
145
138
158
139
177
224
146
147
156
149
148
149
143
158
131
150
159
141
157
149
144
147
150
158
165
157
146
144
163
139
145
174
149
143
188
173
142
162
150
149
188
146
152
156
182
170
154
143
141
149
141
203
153
154
131
151
142
150
165
159
196
152
167
141
186
156
150
157
139
143
129
151
143
168
152
150
136
142
141
151
203
150
132
221
154
146
158
165
139
146
171
162
150
138
145
143
164
140
132
160
141
137
190
142
146
144
165
151
149
196
218
164
200
139
136
161
142
157
179
145
193
169
183
159
140
153
141
188
156
159
148
143
147
153
150
200
139
171
142
150
156
139
135
157
148
161
135
175
176
162
169
216
137
137
150
166
144
150
147
163
145
149
177
139
137
131
152
146
159
160
198
146
173
136
158
132
169
160
142
154
141
139
140
134
153
137
134
151
154
143
159
142
146
160
136
181
151
205
154
147
148
153
136
144
160
147
165
166
143
143
141
151
143
138
143
145
150
170
151
140
168
139
166
133
152
152
158
134
140
149
140
144
180
158
141
143
137
195
154
164
147
167
137
166
183
146
133
204
167
166
140
140
143
140
146
150
138
163
174
51
46
50
70
48
70
63
50
96
72
49
50
51
52
72
43
43
49
58
47
