106
109
119
98
105
118
137
144
110
107
110
109
112
116
116
106
122
129
137
99
118
108
116
254
113
110
136
111
111
139
109
115
103
104
111
124
116
106
175
156
101
116
121
123
100
103
133
124
130
129
131
124
114
110
153
108
106
112
129
131
105
105
122
120
109
119
120
103
129
127
132
103
118
147
121
126
132
108
104
100
105
115
102
99
114
100
105
106
111
102
130
126
132
149
114
124
109
113
112
116
116
106
142
124
138
106
107
101
127
117
107
110
130
110
126
119
98
108
114
113
123
104
111
151
118
119
117
116
103
117
134
110
121
105
102
116
106
136
102
127
108
117
115
118
176
125
129
120
110
153
