91
100
106
97
167
102
121
139
108
106
110
105
222
107
110
108
107
140
112
109
115
110
107
102
116
99
135
105
110
119
113
114
102
123
107
111
127
117
125
98
120
126
105
121
101
113
110
135
111
105
110
103
132
99
113
141
119
139
121
118
98
164
114
119
115
151
132
102
111
137
167
117
170
110
127
102
119
108
144
144
143
109
127
139
100
128
123
104
146
110
108
105
123
115
115
97
134
138
143
107
118
112
111
135
116
118
136
117
106
110
131
171
100
105
135
110
117
106
105
109
118
127
115
109
111
126
118
119
103
112
104
108
107
134
123
98
117
103
132
116
170
105
109
109
105
98
143
142
112
116
105
150
110
99
124
112
192
113
99
106
108
116
108
100
104
129
105
134
115
122
106
103
98
112
119
102
111
164
147
129
105
115
118
113
105
113
111
111
149
137
114
107
99
128
114
124
170
119
117
99
110
120
108
101
108
110
105
135
116
118
136
116
117
118
136
99
123
119
115
108
125
111
105
105
118
118
125
113
116
116
102
111
109
102
184
113
128
102
98
254
101
168
108
113
122
112
116
105
122
113
134
108
97
151
110
112
112
105
109
110
131
108
107
119
99
112
131
107
123
136
142
131
130
111
116
122
103
104
125
111
103
132
114
112
117
119
103
135
134
111
124
110
103
110
119
119
132
137
105
139
131
106
119
109
110
102
130
106
117
109
112
135
116
118
136
148
143
107
128
115
96
109
115
115
117
129
105
103
107
103
118
106
124
127
103
134
112
109
106
104
102
110
103
103
143
118
134
130
110
111
116
133
125
109
130
109
104
161
113
124
103
120
124
105
110
124
99
134
160
116
109
109
102
113
110
111
191
115
105
106
121
118
104
115
104
117
127
112
110
175
116
121
108
107
105
115
109
113
109
156
116
103
129
122
115
101
103
113
126
101
103
114
106
109
108
124
116
118
131
116
134
102
99
101
108
116
112
113
106
121
118
101
100
157
115
123
105
107
103
123
123
117
126
118
101
118
96
113
127
100
163
140
105
129
102
113
105
108
107
103
105
133
132
121
108
117
107
122
104
133
97
118
103
107
107
114
105
98
110
124
110
117
135
102
121
105
116
163
121
130
105
113
118
130
121
120
121
99
130
129
101
132
138
137
145
110
156
103
112
131
114
110
129
115
122
117
125
124
112
124
116
118
131
106
171
117
122
99
109
114
99
134
109
98
111
103
112
109
135
110
119
109
101
125
119
110
126
117
145
153
116
129
109
101
119
126
107
108
118
108
115
109
114
142
107
111
98
119
190
106
142
103
111
119
150
112
131
129
114
112
115
106
102
113
161
116
144
113
118
129
124
125
102
117
108
108
116
125
128
131
132
132
103
119
125
107
121
112
105
105
116
124
123
122
116
111
128
169
148
105
103
111
119
124
116
118
131
109
100
122
108
105
134
135
102
116
135
106
109
120
103
128
118
117
109
193
100
103
108
109
102
116
136
135
124
105
117
125
113
119
129
118
106
109
110
152
120
155
99
120
121
112
113
155
130
127
113
105
109
103
119
122
128
103
124
118
102
106
106
129
111
121
106
113
127
113
124
100
188
127
117
114
121
115
104
110
127
150
133
132
102
134
126
109
147
108
120
106
149
103
120
108
110
163
117
108
123
124
116
118
131
110
102
104
112
123
115
146
111
147
113
131
111
98
110
134
101
100
137
121
125
111
116
115
102
101
148
109
130
126
109
114
129
123
139
103
126
141
103
132
110
126
138
110
130
150
110
136
119
108
128
107
127
100
110
133
131
108
115
104
119
108
106
116
102
117
102
100
116
100
153
108
98
119
102
111
154
114
114
105
108
126
159
114
127
134
120
108
105
115
150
110
112
110
105
100
102
108
118
102
118
124
116
118
131
115
130
114
113
99
167
118
111
123
113
129
114
112
133
114
117
127
116
145
112
114
135
106
113
100
149
129
130
124
118
103
136
119
103
105
109
121
138
112
110
134
122
105
113
106
101
110
137
106
111
107
129
133
129
111
104
166
108
116
124
110
144
121
105
102
115
158
105
119
121
101
115
115
126
130
105
142
106
110
103
109
119
121
139
126
129
101
111
137
110
119
156
178
124
132
112
143
124
116
100
124
116
118
131
149
126
111
135
118
108
117
111
117
99
114
186
112
126
116
112
134
126
119
145
124
117
114
116
109
123
116
133
142
119
109
98
113
99
112
133
144
129
118
133
113
108
157
107
114
121
124
111
129
123
112
99
122
114
128
140
106
95
107
141
116
130
112
122
113
113
107
103
118
109
116
103
102
113
114
102
127
108
114
113
106
133
126
107
112
143
104
107
104
129
142
116
131
113
102
131
103
106
111
169
124
116
118
131
109
109
124
110
132
109
138
98
110
161
130
114
106
106
113
111
106
105
108
104
133
127
117
102
107
109
107
129
99
129
106
106
156
110
106
103
101
99
120
109
114
126
97
108
124
118
127
133
151
106
110
100
115
106
107
99
117
101
126
121
106
145
125
128
110
113
107
106
105
135
99
120
115
122
111
116
110
119
106
129
118
109
128
122
109
115
130
124
123
100
102
112
117
139
111
102
110
116
127
115
124
116
118
131
114
108
126
101
146
124
107
113
129
99
142
108
119
114
128
115
131
130
114
103
115
115
98
118
137
129
104
205
101
120
128
106
108
133
115
115
111
130
135
116
113
129
114
136
132
100
103
112
139
123
114
105
113
107
119
107
110
109
117
125
113
123
123
129
132
121
145
103
105
116
122
104
104
106
109
175
119
132
134
122
106
109
111
109
123
109
106
104
107
147
106
113
151
100
124
111
104
124
116
109
124
116
118
131
111
113
114
190
111
146
111
105
119
108
147
111
119
103
118
112
113
114
117
99
111
120
130
113
122
127
106
102
116
112
106
135
111
134
97
118
112
177
103
104
118
109
103
123
102
98
126
135
117
167
116
98
113
102
108
128
108
101
134
119
137
111
121
106
101
106
125
113
110
135
106
103
105
115
111
108
112
99
121
126
108
136
137
125
106
111
135
101
105
104
112
114
112
104
126
98
105
156
102
124
124
116
118
131
128
106
137
107
116
131
111
118
142
137
112
157
141
103
106
113
132
108
133
112
119
122
118
130
136
104
131
104
99
113
101
106
105
101
102
149
117
109
114
113
154
125
121
103
127
136
123
110
113
116
111
101
111
108
108
117
110
114
117
102
98
118
127
137
117
109
114
148
103
109
110
144
116
110
115
130
104
119
101
133
102
161
107
117
118
126
104
109
110
109
104
129
105
101
176
104
113
99
116
140
124
116
118
131
125
104
106
118
104
133
113
138
141
140
129
100
127
135
153
121
104
137
109
120
120
103
108
131
133
107
107
103
99
100
110
109
140
121
106
149
109
138
98
124
153
100
151
135
124
106
117
