2622
1458
969
1314
2456
2162
3000
1714
2464
3000
2200
3000
990
1641
3000
584
1804
2906
1775
3000
1199
1353
1863
2677
1579
819
1698
1731
967
1268
1569
3000
2482
2440
1734
2234
2419
2795
2713
1350
1538
3000
3000
2243
1018
1207
1050
2028
896
2496
2041
3000
1648
1999
1071
1382
1711
1601
1248
3000
2394
2473
2227
1365
1779
2601
3000
2247
817
2937
902
1363
3000
1152
3000
2181
1262
1293
1275
1159
2247
1172
1704
1573
1217
1530
900
954
1715
1578
1590
1726
2503
943
1225
1039
2145
1283
1943
2397
1968
1951
886
2028
1200
946
1661
1958
1543
1532
1062
2524
974
1633
2025
765
592
1326
960
2256
1123
924
887
1360
2442
1479
1000
1223
1202
1607
1707
1174
2065
1410
1069
1784
1521
1180
1674
1001
1219
1110
1872
1776
2470
581
739
2049
860
944
1175
1920
3000
1695
723
1231
426
708
1208
865
744
1763
1675
2596
1577
2562
686
932
2258
755
1275
1542
839
1698
2253
2086
1141
923
1625
1635
493
932
1129
1520
1217
906
1951
1246
1630
592
1362
1161
1917
1426
1195
3000
2365
1066
775
1258
2059
1190
1199
1591
769
470
750
836
1759
879
2185
1748
2048
2124
702
2380
660
3000
2168
1046
588
2063
1475
2380
947
1462
938
834
1833
1393
857
1365
837
755
1307
1549
1786
1153
781
1220
1135
610
2232
773
1486
1570
609
829
669
1147
945
773
859
925
1016
831
1400
794
1840
903
743
885
695
755
1677
846
674
735
763
873
742
1057
692
626
478
922
1871
1000
832
1642
1287
795
833
2451
1076
1330
832
941
570
1064
762
836
570
1225
893
435
479
713
731
2063
726
990
1394
750
1508
646
720
1597
873
897
867
479
498
926
986
975
1135
632
563
755
644
1122
634
747
845
788
467
1286
432
1977
509
824
483
1209
914
1858
1216
856
963
1248
964
1469
540
553
1466
821
960
654
1195
949
516
653
662
601
1105
802
1594
575
1109
763
520
715
1522
564
1045
411
308
607
498
583
783
725
946
499
978
649
603
908
733
967
624
915
648
934
628
533
569
474
491
931
504
1017
652
615
758
637
1676
968
953
532
592
336
1123
651
1586
905
759
823
1128
691
703
1006
730
607
482
489
450
1089
477
563
1955
1105
711
453
843
645
854
1063
504
895
430
512
721
688
991
633
1150
867
1104
448
747
1485
543
501
484
684
549
499
521
582
524
405
1323
1247
591
832
570
384
423
602
825
826
699
1116
586
957
824
575
579
380
518
297
487
470
718
708
739
679
650
451
1334
994
797
508
1185
637
674
962
771
524
537
605
471
561
456
661
789
644
1026
538
1192
722
756
596
1139
494
539
548
1534
812
842
259
1156
401
1612
686
436
804
631
695
784
537
884
336
442
933
326
641
1412
535
654
1212
1067
782
572
439
996
525
549
435
995
764
737
460
2051
698
963
532
554
1118
610
859
794
327
269
688
493
1296
706
630
642
501
451
525
781
480
612
904
515
272
589
1174
730
539
726
1090
480
608
718
925
558
1121
1037
567
1088
458
973
585
524
906
499
1151
425
494
708
520
387
797
268
541
409
1083
875
502
999
937
334
415
377
538
878
463
527
783
389
810
302
342
706
369
407
688
584
782
570
823
1462
510
489
369
339
958
328
954
563
827
576
607
749
864
1034
756
403
690
440
1040
733
666
390
436
326
378
571
536
525
500
491
416
1464
519
1880
447
325
744
789
1600
414
1368
417
603
651
426
559
516
1085
844
406
1030
385
727
821
808
355
765
513
589
691
559
501
319
461
873
803
459
728
478
603
455
568
542
502
328
741
585
521
450
616
327
601
371
460
818
754
498
875
686
449
1001
626
307
359
372
748
836
551
783
725
605
296
864
352
549
796
580
565
546
540
1271
649
803
413
728
1349
546
495
526
1002
487
935
694
760
1026
891
391
333
604
400
465
325
576
424
568
488
557
477
706
339
293
201
347
425
534
379
770
338
540
727
453
760
440
366
380
610
446
661
777
686
536
478
553
584
599
946
502
645
529
339
539
600
613
305
676
519
414
495
488
629
420
642
641
413
443
935
269
507
509
440
531
411
712
697
424
510
754
370
677
585
842
413
532
395
604
408
290
458
303
567
1262
489
538
426
607
661
503
1025
475
471
342
318
813
500
557
865
568
553
631
615
693
464
565
726
564
603
1324
619
457
922
669
404
529
233
736
444
382
411
497
681
930
855
284
440
449
401
312
374
912
317
564
442
838
467
631
802
723
497
425
451
545
348
1270
920
672
530
1162
455
399
393
504
765
417
411
513
493
454
433
314
457
636
628
873
630
597
705
420
311
445
423
681
865
864
839
849
745
478
352
674
584
687
482
586
841
439
386
299
949
370
445
645
542
459
369
471
580
531
427
1228
447
758
480
352
547
692
704
454
998
579
345
772
384
420
1067
406
719
829
462
606
660
533
607
407
914
471
995
1080
548
343
410
674
481
541
771
380
394
516
706
1331
466
900
374
284
370
728
350
444
480
666
373
620
792
452
580
533
715
539
531
806
573
422
217
516
561
428
415
378
436
607
562
346
959
405
483
476
685
440
597
517
277
928
671
564
309
508
1546
453
751
816
556
344
408
379
376
411
828
431
270
506
431
398
553
474
472
415
382
536
1127
550
293
788
961
333
496
427
706
354
299
626
526
549
886
422
551
492
605
391
838
778
619
574
594
946
513
560
517
433
480
426
592
407
437
835
760
732
485
530
304
424
718
662
627
698
769
261
555
590
462
433
554
580
561
384
1096
424
1144
556
997
326
1006
601
309
325
744
636
536
444
662
628
509
832
1180
265
554
398
644
643
298
686
556
894
718
282
606
720
468
671
514
563
380
961
1626
636
544
347
906
788
477
368
565
521
586
622
656
276
648
553
466
590
359
383
498
717
944
565
751
394
666
638
793
303
375
913
333
455
368
497
445
386
743
370
408
307
877
