150
135
151
147
148
146
142
149
140
152
143
143
154
135
142
160
195
151
151
145
142
164
147
141
133
154
151
142
154
147
177
145
150
155
140
159
196
169
155
158
164
149
137
165
137
151
142
142
156
144
135
152
139
155
144
145
132
144
161
156
158
151
140
136
146
150
140
172
153
168
152
150
143
164
138
157
141
138
138
184
132
149
161
171
152
149
145
168
145
152
149
154
157
149
165
174
140
167
143
140
140
151
151
133
154
162
137
141
152
145
174
165
140
149
164
150
134
154
155
159
166
141
149
180
154
152
152
151
183
166
168
152
182
133
150
136
132
174
134
157
157
154
148
145
151
141
154
138
159
152
148
137
138
145
137
163
159
144
171
135
141
161
141
162
160
169
132
138
140
139
154
144
142
143
147
178
137
195
146
176
129
154
140
148
147
148
190
134
136
140
162
143
149
147
149
138
161
160
181
138
148
173
143
157
143
189
186
163
144
152
136
134
136
141
139
141
167
161
140
149
189
143
161
136
144
144
141
154
154
149
135
135
174
189
164
174
152
158
169
150
174
150
134
161
176
160
142
132
134
141
135
147
155
147
140
154
177
141
164
170
143
136
141
145
143
143
147
150
139
138
167
160
141
138
160
147
138
164
138
176
183
144
173
143
176
144
140
140
144
156
134
129
157
139
151
141
150
155
154
146
135
150
129
161
193
148
139
136
147
147
152
157
147
141
138
138
144
150
140
150
149
144
173
136
154
151
172
135
156
160
173
169
160
153
141
138
157
168
147
190
158
144
148
175
133
148
146
158
151
176
139
146
178
135
139
140
169
174
146
137
150
156
146
139
148
196
132
159
162
131
143
166
170
143
160
137
168
143
152
163
163
161
148
150
158
148
142
147
140
141
153
159
165
142
134
139
146
152
162
142
136
147
173
142
153
196
148
133
142
136
156
141
150
165
145
144
157
180
182
164
153
143
160
134
130
140
147
164
157
151
137
137
164
160
154
151
139
150
161
171
149
140
174
157
135
153
140
136
153
133
143
156
148
150
141
167
160
129
153
162
147
155
158
143
202
137
133
150
177
141
138
201
155
142
143
170
162
139
150
139
187
169
141
152
137
151
157
153
134
143
146
154
140
155
151
137
141
149
150
153
143
141
158
136
171
129
140
171
158
140
175
134
140
141
147
165
154
153
136
141
154
170
142
140
150
160
139
141
138
135
137
143
150
147
151
160
169
150
138
141
157
134
151
160
144
158
165
160
147
157
160
177
141
141
140
141
152
163
147
143
152
148
134
165
163
142
146
146
152
137
160
138
160
143
140
161
181
152
151
146
140
144
157
146
153
168
156
159
180
143
154
147
145
143
139
148
190
156
135
140
137
128
151
168
156
156
164
156
147
150
151
170
159
161
147
136
136
150
160
145
144
167
143
145
154
149
132
150
145
150
158
136
141
151
140
142
149
146
159
132
143
143
146
168
160
163
146
141
131
146
201
163
142
141
199
139
145
156
133
141
150
157
163
142
143
167
150
228
146
143
154
143
137
150
141
157
161
160
200
169
177
173
165
169
172
157
138
175
191
141
141
134
150
169
143
146
150
138
143
150
147
141
146
148
135
152
152
143
144
138
144
163
134
146
161
156
135
127
138
170
150
166
149
152
134
140
154
134
159
138
143
138
157
135
137
144
139
142
142
149
203
148
136
139
179
146
138
161
152
160
163
146
154
161
146
153
148
151
149
132
140
146
148
159
141
133
166
141
149
143
154
164
176
159
139
145
133
131
137
178
172
149
140
143
141
147
159
150
173
155
158
188
136
153
145
141
182
135
161
150
182
164
159
165
155
168
152
165
157
136
205
176
159
136
139
142
154
156
181
140
155
146
149
186
134
149
173
130
134
146
181
154
138
148
145
154
134
141
140
157
173
151
147
151
183
168
154
176
143
161
137
138
161
151
143
179
145
142
147
146
159
156
170
141
180
145
171
165
169
143
147
154
153
166
138
171
132
142
143
157
160
133
139
150
149
156
154
162
150
153
184
157
158
134
150
140
144
140
190
152
185
148
153
157
151
158
140
146
155
145
143
177
165
143
149
160
160
144
143
182
180
137
156
145
136
143
142
158
132
139
163
179
165
150
149
141
144
147
143
154
187
146
163
145
151
160
147
180
136
143
186
158
159
170
174
167
133
170
139
150
155
167
137
138
157
159
163
147
143
148
174
182
158
162
163
155
146
152
154
158
147
189
163
138
168
143
147
134
134
158
142
144
166
142
173
176
148
137
144
175
169
150
135
135
136
139
158
191
136
150
146
146
139
146
186
153
148
162
147
144
130
161
154
150
155
149
159
169
149
165
151
160
190
165
136
148
181
142
144
175
153
142
145
180
149
168
142
146
144
153
134
151
143
157
167
133
149
147
143
175
140
167
137
180
143
143
156
138
144
152
138
151
163
139
138
146
144
176
142
148
137
149
158
150
132
163
163
144
148
174
141
170
164
166
143
140
145
147
143
170
159
133
167
165
187
147
156
140
146
143
159
163
157
171
159
143
157
137
137
154
146
146
207
167
145
154
149
150
141
169
144
175
143
143
180
142
197
137
151
159
155
131
149
147
139
140
183
169
139
150
176
157
169
149
176
142
139
153
140
143
146
161
148
165
146
152
145
172
160
152
158
170
140
140
153
143
138
170
151
144
167
167
180
179
170
155
185
164
150
130
140
136
147
152
134
178
149
140
164
147
143
147
148
146
153
145
145
148
141