1 8 34
4 34 201
7 5 19
9 8 23
10 8 26
11 20 191
12 8 87
13 8 45
14 3 18
16 5 34
17 7 113
18 8 38
19 9 49
20 8 60
23 8 45
24 19 129
26 1 61
28 4 69
29 51 304
31 1 59
33 8 129
34 48 527
35 1 59
36 8 137
39 9 74
40 27 101
41 8 199
42 6 75
43 18 93
45 16 166
46 25 235
47 1 75
48 8 88
49 8 109
50 44 210
52 50 160
54 5 80
56 8 133
58 8 121
59 65 266
61 14 156
62 2 90
63 6 100
64 8 151
67 4 136
68 11 143
69 11 167
70 8 144
72 28 199
74 4 140
1 8 33
4 34 471
7 5 41
9 8 17
10 8 63
11 20 255
12 8 23
13 8 48
14 3 18
16 5 30
17 7 47
18 8 33
19 9 70
20 8 93
23 8 41
24 19 135
26 1 43
28 4 40
29 51 776
31 1 45
33 8 52
34 48 191
35 1 57
36 8 93
39 9 108
40 27 115
41 8 87
42 6 99
43 18 103
45 16 265
46 25 124
47 1 94
48 8 161
49 8 111
50 44 309
52 50 571
54 5 115
56 8 116
58 8 180
59 65 644
61 14 206
62 2 132
63 6 130
64 8 173
67 4 115
68 11 260
69 11 212
70 8 167
72 28 187
74 4 130
1 8 18
4 34 356
7 5 18
9 8 31
10 8 45
11 20 123
12 8 21
13 8 40
14 3 25
16 5 28
17 7 47
18 8 211
19 9 49
20 8 42
23 8 110
24 19 327
26 1 41
28 4 129
29 51 1062
31 1 47
33 8 76
34 48 340
35 1 56
36 8 105
39 9 81
40 27 213
41 8 73
42 6 103
43 18 86
45 16 97
46 25 174
47 1 71
48 8 196
49 8 116
50 44 400
52 50 1087
54 5 116
56 8 149
58 8 125
59 65 549
61 14 131
62 2 159
63 6 163
64 8 141
67 4 133
68 11 142
69 11 263
70 8 165
72 28 252
74 4 155
1 8 48
4 34 125
7 5 14
9 8 17
10 8 83
11 20 55
12 8 25
13 8 26
14 3 18
16 5 45
17 7 67
18 8 48
19 9 99
20 8 154
23 8 67
24 19 110
26 1 46
28 4 60
29 51 351
31 1 48
33 8 57
34 48 550
35 1 50
36 8 118
39 9 107
40 27 90
41 8 73
42 6 171
43 18 125
45 16 91
46 25 163
47 1 69
48 8 173
49 8 111
50 44 215
52 50 157
54 5 194
56 8 139
58 8 184
59 65 514
61 14 171
62 2 126
63 6 97
64 8 133
67 4 138
68 11 142
69 11 176
70 8 192
72 28 270
74 4 97
1 8 190
4 34 347
7 5 22
9 8 98
10 8 133
11 20 66
12 8 59
13 8 32
14 3 20
16 5 29
17 7 31
18 8 66
19 9 40
20 8 57
23 8 116
24 19 151
26 1 52
28 4 75
29 51 364
31 1 52
33 8 73
34 48 129
35 1 60
36 8 82
39 9 152
40 27 227
41 8 71
42 6 72
43 18 164
45 16 180
46 25 341
47 1 70
48 8 94
49 8 98
50 44 146
52 50 271
54 5 134
56 8 102
58 8 141
59 65 475
61 14 160
62 2 100
63 6 143
64 8 190
67 4 157
68 11 251
69 11 164
70 8 165
72 28 213
74 4 161
1 8 10
4 34 386
7 5 16
9 8 45
10 8 33
11 20 33
12 8 41
13 8 78
14 3 18
16 5 23
17 7 25
18 8 71
19 9 98
20 8 32
23 8 90
24 19 89
26 1 38
28 4 93
29 51 364
31 1 42
33 8 51
34 48 133
35 1 64
36 8 63
39 9 72
40 27 350
41 8 85
42 6 88
43 18 140
45 16 121
46 25 189
47 1 90
48 8 210
49 8 103
50 44 453
52 50 202
54 5 122
56 8 160
58 8 143
59 65 186
61 14 117
62 2 101
63 6 99
64 8 254
67 4 105
68 11 207
69 11 151
70 8 204
72 28 282
74 4 164
1 8 41
4 34 83
7 5 15
9 8 40
10 8 23
11 20 181
12 8 31
13 8 23
14 3 34
16 5 40
17 7 36
18 8 37
19 9 88
20 8 50
23 8 85
24 19 247
26 1 42
28 4 43
29 51 142
31 1 41
33 8 48
34 48 391
35 1 64
36 8 99
39 9 170
40 27 400
41 8 79
42 6 83
43 18 280
45 16 116
46 25 272
47 1 92
48 8 99
49 8 121
50 44 327
52 50 357
54 5 96
56 8 132
58 8 113
59 65 392
61 14 130
62 2 118
63 6 117
64 8 149
67 4 156
68 11 185
69 11 152
70 8 175
72 28 239
74 4 161
1 8 16
4 34 194
7 5 29
9 8 123
10 8 28
11 20 156
12 8 65
13 8 28
14 3 33
16 5 33
17 7 78
18 8 40
19 9 81
20 8 41
23 8 49
24 19 109
26 1 34
28 4 51
29 51 571
31 1 71
33 8 82
34 48 171
35 1 75
36 8 82
39 9 99
40 27 156
41 8 137
42 6 212
43 18 133
45 16 115
46 25 260
47 1 87
48 8 177
49 8 117
50 44 343
52 50 390
54 5 95
56 8 145
58 8 137
59 65 1151
61 14 203
62 2 117
63 6 115
64 8 148
67 4 179
68 11 185
69 11 160
70 8 163
72 28 446
74 4 160
1 8 12
4 34 116
7 5 15
9 8 23
10 8 65
11 20 151
12 8 41
13 8 30
14 3 18
16 5 42
17 7 39
18 8 30
19 9 59
20 8 54
23 8 65
24 19 233
26 1 33
28 4 36
29 51 254
31 1 58
33 8 145
34 48 154
35 1 71
36 8 105
39 9 180
40 27 95
41 8 76
42 6 81
43 18 115
45 16 277
46 25 206
47 1 78
48 8 189
49 8 171
50 44 159
52 50 510
54 5 102
56 8 131
58 8 131
59 65 272
61 14 225
62 2 108
63 6 114
64 8 153
67 4 171
68 11 182
69 11 192
70 8 211
72 28 300
74 4 163
1 8 27
4 34 148
7 5 18
9 8 19
10 8 53
11 20 275
12 8 49
13 8 30
14 3 17
16 5 22
17 7 29
18 8 41
19 9 85
20 8 56
23 8 35
24 19 173
26 1 43
28 4 49
29 51 332
31 1 58
33 8 80
34 48 185
35 1 58
36 8 63
39 9 76
40 27 238
41 8 97
42 6 91
43 18 138
45 16 129
46 25 154
47 1 80
48 8 114
49 8 146
50 44 301
52 50 363
54 5 85
56 8 91
58 8 105
59 65 588
61 14 113
62 2 108
63 6 91
64 8 120
67 4 113
68 11 178
69 11 140
70 8 139
72 28 206
74 4 113
