1144 12 [3.]
2290 8 [3.]
3774 34 [3.]
951 5 [3.]
1475 8 [3.]
1862 8 [3.]
3597 20 [3.]
2624 8 [3.]
2765 8 [3.]
2509 3 [5.]
156 5 [4.]
1301 7 [3.]
2999 8 [3.]
3357 9 [3.]
835 8 [3.]
2851 8 [3.]
1931 19 [3.]
4210 1 [5.]
1905 4 [5.]
3125 51 [3.]
3021 1 [3.]
2382 8 [3.]
4067 48 [3.]
4459 1 [5.]
2451 8 [3.]
782 9 [6.]
4737 27 [3.]
532 8 [3.]
208 6 [5.]
4322 18 [5.]
4092 16 [10.]
1559 25 [3.]
3942 1 [3.]
2909 8 [3.]
3792 8 [5.]
4790 44 [10.]
1973 50 [3.]
1131 5 [3.]
3275 8 [3.]
1943 8 [3.]
3321 65 [10.]
3755 14 [3.]
2519 2 [6.]
3554 6 [2.]
1980 8 [3.]
4865 4 [5.]
3630 11 [3.]
1401 11 [3.]
3065 8 [3.]
3561 28 [3.]
3946 4 [3.]
567 8 [3.]
4109 2 [3.]
2786 4 [3.]
4436 74 [5.]
3154 8 [3.]
1105 4 [3.]
2108 8 [3.]
2876 8 [3.]
3278 7 [3.]
3325 3 [3.]
4495 1 [6.]
3566 1 [3.]
811 19 [1.]
2640 8 [3.]
3684 3 [3.]
2005 7 [3.]
916 8 [3.]
754 7 [3.]
1480 8 [3.]
3196 8 [3.]
1089 8 [3.]
1228 6 [6.]
3204 4 [5.]
3332 3 [3.]
3583 20 [3.]
2303 8 [3.]
1862 8 [3.]
408 9 [3.]
1697 8 [3.]
2754 8 [3.]
1209 8 [3.]
724 8 [3.]
2508 9 [3.]
3752 14 [3.]
357 12 [3.]
4269 23 [3.]
1273 8 [3.]
588 9 [3.]
4149 7 [5.]
2339 34 [3.]
3019 35 [2.]
3704 22 [3.]
1077 8 [3.]
3035 8 [3.]
4312 18 [5.]
1431 21 [3.]
4379 16 [3.]
2943 8 [3.]
1985 8 [3.]
780 4 [5.]
112 15 [6.]
2121 8 [3.]
4027 23 [3.]
3070 9 [3.]
108 5 [10.]
4744 27 [3.]
4334 20 [5.]
1494 9 [3.]
428 8 [3.]
4781 9 [3.]
1762 8 [3.]
2656 4 [5.]
2480 8 [3.]
2519 2 [6.]
1379 21 [3.]
1804 8 [3.]
3472 44 [10.]
2256 4 [3.]
1342 11 [3.]
1189 4 [5.]
1167 2 [3.]
1784 8 [3.]
1853 8 [3.]
4148 33 [3.]
425 9 [3.]
1197 8 [3.]
3065 8 [3.]
2637 8 [3.]
2993 8 [3.]
4135 1 [5.]
2112 8 [3.]
2629 8 [3.]
345 7 [3.]
2151 8 [3.]
4631 5 [5.]


1       1 -1       8   3
2       4 -1      34   3
3       7 -1       5   3
4       9 -1       8   3
5      10 -1       8   3
6      11 -1      20   3
7      12 -1       8   3
8      13 -1       8   3
9      14 -1       3   5
10      16 -1       5   4
11      17 -1       7   3
12      18 -1       8   3
13      19 -1       9   3
14      20 -1       8   3
15      23 -1       8   3
16      24 -1      19   3
17      26 -1       1   5
18      28 -1       4   5
19      29 -1      51   3
20      31 -1       1   3
21      33 -1       8   3
22      34 -1      48   3
23      35 -1       1   5
24      36 -1       8   3
25      39 -1       9   5
26      40 -1      27   3
27      41 -1       8   3
28      42 -1       6   5
29      43 -1      18   5
30      45 -1      16  10
31      46 -1      25   3
32      47 -1       1   3
33      48 -1       8   3
34      49 -1       8   5
35      50 -1      44  10
36      52 -1      50   3
37      54 -1       5   3
38      56 -1       8   3
39      58 -1       8   3
40      59 -1      65  10
41      61 -1      14   3
42      62 -1       2   6
43      63 -1       6   2
44      64 -1       8   3
45      67 -1       4   5
46      68 -1      11   3
47      69 -1      11   3
48      70 -1       8   3
49      72 -1      28   3
50      74 -1       4   3
51      76 -1       8   3
52      77 -1       2   3
53      78 -1       4   3
54      80 -1      74   5
55      81 -1       8   3
56      83 -1       4   3
57      84 -1       8   3
58      86 -1       8   3
59      87 -1       7   3
60      88 -1       3   3
61      89 -1       1   6
62      91 -1       1   3
63      93 -1      19   1
64      94 -1       8   3
65      96 -1       3   3
66      98 -1       7   3
67     100 -1       8   3
68     104 -1       7   3
69     105 -1       8   3
70     108 -1       8   3
71     110 -1       8   3
72     119 -1       6   6
73     120 -1       4   5
74     121 -1       3   3
75     123 -1      20   3
76     125 -1       8   3
77     127 -1       8   3
78     128 -1       9   3
79     129 -1       8   3
80     130 -1       8   3
81     131 -1       8   3
82     132 -1       8   3
83     133 -1       9   3
84     134 -1      14   3
85     135 -1      12   3
86     136 -1      23   3
87     137 -1       8   3
88     139 -1       9   3
89     140 -1       7   5
90     141 -1      34   3
91     142 -1      35   2
92     143 -1      22   3
93     144 -1       8   3
94     145 -1       8   3
95     146 -1      18   5
96     147 -1      21   3
97     150 -1      16   3
98     151 -1       8   3
99     153 -1       8   3
100     154 -1       4   5
101     155 -1      15   6
102     156 -1       8   3
103     157 -1      23   3
104     158 -1       9   3
105     159 -1       5  10
106     161 -1      27   3
107     162 -1      20   5
108     163 -1       9   3
109     165 -1       8   3
110     166 -1       9   3
111     167 -1       8   3
112     170 -1       4   5
113     171 -1       8   3
114     173 -1       2   6
115     174 -1      21   3
116     176 -1       8   3
117     177 -1      44  10
118     179 -1       4   3
119     180 -1      11   3
120     182 -1       4   5
121     183 -1       2   3
122     184 -1       8   3
123     185 -1       8   3
124     186 -1      33   3
125     188 -1       9   3
126     189 -1       8   3
127     191 -1       8   3
128     192 -1       8   3
129     193 -1       8   3
130     194 -1       1   5
131     195 -1       8   3
132     196 -1       8   3
133     197 -1       7   3
134     198 -1       8   3
135     199 -1       5   5