1144 12 [3.]
2290 8 [3.]
3774 34 [3.]
951 5 [3.]
1475 8 [3.]
1862 8 [3.]
3597 20 [3.]
2624 8 [3.]
2765 8 [3.]
2509 3 [5.]
156 5 [4.]
1301 7 [3.]
2999 8 [3.]
3357 9 [3.]
835 8 [3.]
2851 8 [3.]
1931 19 [3.]
4210 1 [5.]
1905 4 [5.]
3125 51 [3.]
3021 1 [3.]
2382 8 [3.]
4067 48 [3.]
4459 1 [5.]
2451 8 [3.]
782 9 [6.]
4737 27 [3.]
532 8 [3.]
208 6 [5.]
4322 18 [5.]
4092 16 [10.]
1559 25 [3.]
3942 1 [3.]
2909 8 [3.]
3792 8 [5.]
4790 44 [10.]
1973 50 [3.]
1131 5 [3.]
3275 8 [3.]
1943 8 [3.]
3321 65 [10.]
3755 14 [3.]
2519 2 [6.]
3554 6 [2.]
1980 8 [3.]
4865 4 [5.]
3630 11 [3.]
1401 11 [3.]
3065 8 [3.]
3561 28 [3.]
3946 4 [3.]
567 8 [3.]
4109 2 [3.]
2786 4 [3.]
4436 74 [5.]
3154 8 [3.]
1105 4 [3.]
2108 8 [3.]
2876 8 [3.]
3278 7 [3.]
3325 3 [3.]
4495 1 [6.]
3566 1 [3.]
811 19 [1.]
2640 8 [3.]
3684 3 [3.]
2005 7 [3.]
916 8 [3.]
754 7 [3.]
1480 8 [3.]
3196 8 [3.]
1089 8 [3.]
1228 6 [6.]
3204 4 [5.]
3332 3 [3.]
3583 20 [3.]
2303 8 [3.]
1862 8 [3.]
408 9 [3.]
1697 8 [3.]
2754 8 [3.]
1209 8 [3.]
724 8 [3.]
2508 9 [3.]
3752 14 [3.]
357 12 [3.]
4269 23 [3.]
1273 8 [3.]
588 9 [3.]
4149 7 [5.]
2339 34 [3.]
3019 35 [2.]
3704 22 [3.]
1077 8 [3.]
3035 8 [3.]
4312 18 [5.]
1431 21 [3.]
4379 16 [3.]
2943 8 [3.]
1985 8 [3.]
780 4 [5.]
112 15 [6.]
2121 8 [3.]
4027 23 [3.]
3070 9 [3.]
108 5 [10.]
4744 27 [3.]
4334 20 [5.]
1494 9 [3.]
428 8 [3.]
4781 9 [3.]
1762 8 [3.]
2656 4 [5.]
2480 8 [3.]
2519 2 [6.]
1379 21 [3.]
1804 8 [3.]
3472 44 [10.]
2256 4 [3.]
1342 11 [3.]
1189 4 [5.]
1167 2 [3.]
1784 8 [3.]
1853 8 [3.]
4148 33 [3.]
425 9 [3.]
1197 8 [3.]
3065 8 [3.]
2637 8 [3.]
2993 8 [3.]
4135 1 [5.]
2112 8 [3.]
2629 8 [3.]
345 7 [3.]
2151 8 [3.]
4631 5 [5.]
736 23 [3.]
2885 8 [3.]
234 6 [1.]
2688 2 [3.]
813 8 [3.]
2658 15 [3.]
4038 23 [3.]
1438 8 [3.]
3419 36 [3.]
2548 4 [1.]
3912 82 [3.]
3714 27 [5.]
1929 5 [1.]
624 10 [3.]
1645 48 [3.]
2513 4 [5.]
4221 28 [5.]
4068 25 [3.]
3001 5 [5.]
2731 11 [3.]
3487 14 [3.]
220 10 [3.]
1518 38 [3.]
236 9 [3.]
3164 7 [3.]
1048 33 [3.]
4714 44 [3.]
4758 50 [3.]
4020 16 [5.]
2911 4 [5.]
1413 8 [3.]
480 12 [3.]
2095 61 [3.]
2897 8 [3.]
2058 4 [3.]
2667 19 [3.]
77 9 [3.]
2319 46 [3.]
746 1 [6.]
2502 59 [3.]
1908 5 [3.]
729 5 [3.]
3192 4 [3.]
1689 8 [3.]
2299 8 [3.]
982 7 [3.]
2272 8 [3.]
3439 37 [3.]
4337 20 [5.]
2930 9 [3.]
3279 11 [3.]
2247 14 [3.]
2862 52 [3.]
3958 17 [2.]
2065 8 [3.]
1406 1 [5.]
4448 3 [3.]
2151 8 [3.]
3920 27 [3.]
2789 11 [10.]
1161 6 [3.]
529 8 [3.]
2325 8 [3.]
3789 33 [3.]
2199 6 [3.]
1771 8 [3.]
536 8 [3.]
4204 76 [3.]
2495 8 [3.]
3162 8 [3.]



