1144 12 [3.]
2290 8 [3.]
3774 34 [3.]
951 5 [3.]
1475 8 [3.]
1862 8 [3.]
3597 20 [3.]
2624 8 [3.]
2765 8 [3.]
2509 3 [5.]
156 5 [4.]
1301 7 [3.]
2999 8 [3.]
3357 9 [3.]
835 8 [3.]
2851 8 [3.]
1931 19 [3.]
4210 1 [5.]
1905 4 [5.]
3125 51 [3.]
3021 1 [3.]
2382 8 [3.]
4067 48 [3.]
4459 1 [5.]
2451 8 [3.]
782 9 [6.]
4737 27 [3.]
532 8 [3.]
208 6 [5.]
4322 18 [5.]
4092 16 [10.]
1559 25 [3.]
3942 1 [3.]
2909 8 [3.]
3792 8 [5.]
4790 44 [10.]
1973 50 [3.]
1131 5 [3.]
3275 8 [3.]
1943 8 [3.]
3321 65 [10.]
3755 14 [3.]
2519 2 [6.]
3554 6 [2.]
1980 8 [3.]
4865 4 [5.]
3630 11 [3.]
1401 11 [3.]
3065 8 [3.]
3561 28 [3.]
3946 4 [3.]
567 8 [3.]
4109 2 [3.]
2786 4 [3.]
4436 74 [5.]
3154 8 [3.]
1105 4 [3.]
2108 8 [3.]
2876 8 [3.]
3278 7 [3.]
3325 3 [3.]
4495 1 [6.]
3566 1 [3.]
811 19 [1.]
2640 8 [3.]
3684 3 [3.]
2005 7 [3.]
916 8 [3.]
754 7 [3.]
1480 8 [3.]
3196 8 [3.]
1089 8 [3.]
1228 6 [6.]
3204 4 [5.]
3332 3 [3.]
3583 20 [3.]
2303 8 [3.]
1862 8 [3.]
408 9 [3.]
1697 8 [3.]
2754 8 [3.]
1209 8 [3.]
724 8 [3.]
2508 9 [3.]
3752 14 [3.]
357 12 [3.]
4269 23 [3.]
1273 8 [3.]
588 9 [3.]
4149 7 [5.]
2339 34 [3.]
3019 35 [2.]
3704 22 [3.]
1077 8 [3.]
3035 8 [3.]
4312 18 [5.]
1431 21 [3.]
4379 16 [3.]
2943 8 [3.]
1985 8 [3.]
780 4 [5.]
112 15 [6.]
2121 8 [3.]
4027 23 [3.]
3070 9 [3.]
108 5 [10.]
4744 27 [3.]
4334 20 [5.]
1494 9 [3.]
428 8 [3.]
4781 9 [3.]
1762 8 [3.]
2656 4 [5.]
2480 8 [3.]
2519 2 [6.]
1379 21 [3.]
1804 8 [3.]
3472 44 [10.]
2256 4 [3.]
1342 11 [3.]
1189 4 [5.]
1167 2 [3.]
1784 8 [3.]
1853 8 [3.]
4148 33 [3.]
425 9 [3.]
1197 8 [3.]
3065 8 [3.]
2637 8 [3.]
2993 8 [3.]
4135 1 [5.]
2112 8 [3.]
2629 8 [3.]
345 7 [3.]
2151 8 [3.]
4631 5 [5.]
736 23 [3.]
2885 8 [3.]
234 6 [1.]
2688 2 [3.]
813 8 [3.]
2658 15 [3.]
4038 23 [3.]
1438 8 [3.]
3419 36 [3.]
2548 4 [1.]
3912 82 [3.]
3714 27 [5.]
1929 5 [1.]
624 10 [3.]
1645 48 [3.]
2513 4 [5.]
4221 28 [5.]
4068 25 [3.]
3001 5 [5.]
2731 11 [3.]
3487 14 [3.]
220 10 [3.]
1518 38 [3.]
236 9 [3.]
3164 7 [3.]
1048 33 [3.]
4714 44 [3.]
4758 50 [3.]
4020 16 [5.]
2911 4 [5.]
1413 8 [3.]
480 12 [3.]
2095 61 [3.]
2897 8 [3.]
2058 4 [3.]
2667 19 [3.]
77 9 [3.]
2319 46 [3.]
746 1 [6.]
2502 59 [3.]
1908 5 [3.]
729 5 [3.]
3192 4 [3.]
1689 8 [3.]
2299 8 [3.]
982 7 [3.]
2272 8 [3.]
3439 37 [3.]
4337 20 [5.]
2930 9 [3.]
3279 11 [3.]
2247 14 [3.]
2862 52 [3.]
3958 17 [2.]
2065 8 [3.]
1406 1 [5.]
4448 3 [3.]
2151 8 [3.]
3920 27 [3.]
2789 11 [10.]
1161 6 [3.]
529 8 [3.]
2325 8 [3.]
3789 33 [3.]
2199 6 [3.]
1771 8 [3.]
536 8 [3.]
4204 76 [3.]
2495 8 [3.]
3162 8 [3.]
3553 69 [3.]
1591 8 [3.]
1129 8 [3.]
3224 3 [3.]
670 7 [3.]
4380 16 [3.]
4195 25 [3.]
1897 8 [3.]
1604 8 [3.]
469 8 [3.]
2948 4 [3.]
1382 8 [3.]
3101 11 [3.]
2864 8 [3.]
1050 8 [3.]
1843 73 [6.]
2258 8 [3.]
1577 8 [3.]
2404 83 [3.]
519 11 [3.]
3016 30 [3.]
1931 19 [3.]
3893 23 [3.]
4575 32 [3.]
3030 8 [3.]
4337 20 [5.]
342 9 [3.]
1638 4 [5.]
474 28 [3.]
4832 7 [10.]
3068 17 [5.]
2171 8 [3.]
4434 4 [3.]
1656 4 [5.]
629 8 [3.]
2579 45 [3.]
1777 89 [10.]
1409 8 [3.]
3773 34 [3.]
2546 8 [3.]
57 11 [3.]
2466 25 [1.]
213 5 [3.]
2450 4 [5.]
2097 4 [3.]
2910 8 [3.]
1331 8 [3.]
4055 1 [3.]
2141 3 [5.]
622 3 [3.]
2935 8 [3.]
4261 10 [3.]
525 8 [3.]
1993 10 [3.]
1117 8 [3.]
4014 16 [5.]
3508 55 [3.]
4223 5 [3.]
4146 16 [5.]
3822 3 [2.]
2131 3 [5.]
4156 15 [8.]
414 8 [3.]
2642 81 [6.]
1879 11 [3.]
1244 5 [3.]
2533 7 [5.]
602 5 [3.]
2776 11 [3.]
3360 1 [3.]
3517 95 [3.]
3517 95 [3.]
3248 25 [3.]
206 5 [3.]
4241 7 [3.]
3686 24 [3.]
3773 34 [3.]
3696 22 [3.]
1124 8 [3.]
3446 37 [3.]



1 8
4 34
7 5
9 8
10 8
11 20
12 8
13 8
14 3
16 5
17 7
18 8
19 9
20 8
23 8
24 19
26 1
28 4
29 51
31 1
33 8
34 48
35 1
36 8
39 9
40 27
41 8
42 6
43 18
45 16
46 25
47 1
48 8
49 8
50 44
52 50
54 5
56 8
58 8
59 65
61 14
62 2
63 6
64 8
67 4
68 11
69 11
70 8
72 28
74 4
76 8
77 2
78 4
80 74
81 8
83 4
84 8
86 8
87 7
88 3
89 1
91 1
93 19
94 8
96 3
98 7
100 8
104 7
105 8
108 8
110 8
119 6
120 4
121 3
123 20
125 8
127 8
128 9
129 8
130 8
131 8
132 8
133 9
134 14
135 12
136 23
137 8
139 9
140 7
141 34
142 35
143 22
144 8
145 8
146 18
147 21
150 16
151 8
153 8
154 4
155 15
156 8
157 23
158 9
159 5
161 27
162 20
163 9
165 8
166 9
167 8
170 4
171 8
173 2
174 21
176 8
177 44
179 4
180 11
182 4
183 2
184 8
185 8
186 33
188 9
189 8
191 8
192 8
193 8
194 1
195 8
196 8
197 7
198 8
199 5
202 23
204 8
205 6
206 2
209 8
210 15
212 23
214 8
215 36
216 4
217 82
218 27
220 5
221 10
222 48
223 4
225 28
226 25
228 5
231 11
232 14
233 10
234 38
236 9
237 7
238 33
239 44
240 50
243 16
245 4
246 8
247 12
248 61
249 8
250 4
253 19
254 9
255 46
256 1
257 59
260 5
261 5
262 4
263 8
264 8
265 7
267 8
268 37
269 20
270 9
271 11
272 14
273 52
274 17
275 8
277 1
278 3
279 8
280 27
283 11
284 6
285 8
286 8
290 33
291 6
294 8
296 8
297 76
298 8
299 8
300 69
301 8
302 8
303 3
304 7
305 16
306 25
307 8
308 8
309 8
310 4
311 8
313 11
315 8
316 8
317 73
318 8
319 8
320 83
321 11
323 30
324 19
326 23
327 32
328 8
329 20
330 9
331 4
332 28
333 7
335 17
336 8
337 4
338 4
339 8
341 45
342 89
343 8
344 34
345 8
346 11
347 25
348 5
349 4
350 4
352 8
354 8
356 1
359 3
360 3
361 8
362 10
363 8
365 10
366 8
367 16
368 55
370 5
372 16
373 3
375 3
376 15
377 8
378 81
379 11
380 5
381 7
382 5
383 11
384 1
385 95
386 95
388 25
389 5
392 7
393 24
394 34
395 22
397 8
399 37




2290	1	-1	8	3
3774	4	-1	34	3
951	7	-1	5	3
1475	9	-1	8	3
1862	10	-1	8	3
3597	11	-1	20	3
2624	12	-1	8	3
2765	13	-1	8	3
2509	14	-1	3	5
156	16	-1	5	4
1301	17	-1	7	3
2999	18	-1	8	3
3357	19	-1	9	3
835	20	-1	8	3
2851	23	-1	8	3
1931	24	-1	19	3
4210	26	-1	1	5
1905	28	-1	4	5
3125	29	-1	51	3
3021	31	-1	1	3
2382	33	-1	8	3
4067	34	-1	48	3
4459	35	-1	1	5
2451	36	-1	8	3
782	39	-1	9	6
4737	40	-1	27	3
532	41	-1	8	3
208	42	-1	6	5
4322	43	-1	18	5
4092	45	-1	16	10
1559	46	-1	25	3
3942	47	-1	1	3
2909	48	-1	8	3
3792	49	-1	8	5
4790	50	-1	44	10
1973	52	-1	50	3
1131	54	-1	5	3
3275	56	-1	8	3
1943	58	-1	8	3
3321	59	-1	65	10
3755	61	-1	14	3
2519	62	-1	2	6
3554	63	-1	6	2
1980	64	-1	8	3
4865	67	-1	4	5
3630	68	-1	11	3
1401	69	-1	11	3
3065	70	-1	8	3
3561	72	-1	28	3
3946	74	-1	4	3
567	76	-1	8	3
4109	77	-1	2	3
2786	78	-1	4	3
4436	80	-1	74	5
3154	81	-1	8	3
1105	83	-1	4	3
2108	84	-1	8	3
2876	86	-1	8	3
3278	87	-1	7	3
3325	88	-1	3	3
4495	89	-1	1	6
3566	91	-1	1	3
811	93	-1	19	1
2640	94	-1	8	3
3684	96	-1	3	3
2005	98	-1	7	3
916	100	-1	8	3
754	104	-1	7	3
1480	105	-1	8	3
3196	108	-1	8	3
1089	110	-1	8	3
1228	119	-1	6	6
3204	120	-1	4	5
3332	121	-1	3	3
3583	123	-1	20	3
2303	125	-1	8	3
1862	127	-1	8	3
408	128	-1	9	3
1697	129	-1	8	3
2754	130	-1	8	3
1209	131	-1	8	3
724	132	-1	8	3
2508	133	-1	9	3
3752	134	-1	14	3
357	135	-1	12	3
4269	136	-1	23	3
1273	137	-1	8	3
588	139	-1	9	3
4149	140	-1	7	5
2339	141	-1	34	3
3019	142	-1	35	2
3704	143	-1	22	3
1077	144	-1	8	3
3035	145	-1	8	3
4312	146	-1	18	5
1431	147	-1	21	3
4379	150	-1	16	3
2943	151	-1	8	3
1985	153	-1	8	3
780	154	-1	4	5
112	155	-1	15	6
2121	156	-1	8	3
4027	157	-1	23	3
3070	158	-1	9	3
108	159	-1	5	10
4744	161	-1	27	3
4334	162	-1	20	5
1494	163	-1	9	3
428	165	-1	8	3
4781	166	-1	9	3
1762	167	-1	8	3
2656	170	-1	4	5
2480	171	-1	8	3
2519	173	-1	2	6
1379	174	-1	21	3
1804	176	-1	8	3
3472	177	-1	44	10
2256	179	-1	4	3
1342	180	-1	11	3
1189	182	-1	4	5
1167	183	-1	2	3
1784	184	-1	8	3
1853	185	-1	8	3
4148	186	-1	33	3
425	188	-1	9	3
1197	189	-1	8	3
3065	191	-1	8	3
2637	192	-1	8	3
2993	193	-1	8	3
4135	194	-1	1	5
2112	195	-1	8	3
2629	196	-1	8	3
345	197	-1	7	3
2151	198	-1	8	3
4631	199	-1	5	5
736	202	-1	23	3
2885	204	-1	8	3
234	205	-1	6	1
2688	206	-1	2	3
813	209	-1	8	3
2658	210	-1	15	3
4038	212	-1	23	3
1438	214	-1	8	3
3419	215	-1	36	3
2548	216	-1	4	1
3912	217	-1	82	3
3714	218	-1	27	5
1929	220	-1	5	1
624	221	-1	10	3
1645	222	-1	48	3
2513	223	-1	4	5
4221	225	-1	28	5
4068	226	-1	25	3
3001	228	-1	5	5
2731	231	-1	11	3
3487	232	-1	14	3
220	233	-1	10	3
1518	234	-1	38	3
236	236	-1	9	3
3164	237	-1	7	3
1048	238	-1	33	3
4714	239	-1	44	3
4758	240	-1	50	3
4020	243	-1	16	5
2911	245	-1	4	5
1413	246	-1	8	3
480	247	-1	12	3
2095	248	-1	61	3
2897	249	-1	8	3
2058	250	-1	4	3
2667	253	-1	19	3
77	254	-1	9	3
2319	255	-1	46	3
746	256	-1	1	6
2502	257	-1	59	3
1908	260	-1	5	3
729	261	-1	5	3
3192	262	-1	4	3
1689	263	-1	8	3
2299	264	-1	8	3
982	265	-1	7	3
2272	267	-1	8	3
3439	268	-1	37	3
4337	269	-1	20	5
2930	270	-1	9	3
3279	271	-1	11	3
2247	272	-1	14	3
2862	273	-1	52	3
3958	274	-1	17	2
2065	275	-1	8	3
1406	277	-1	1	5
4448	278	-1	3	3
2151	279	-1	8	3
3920	280	-1	27	3
2789	283	-1	11	10
1161	284	-1	6	3
529	285	-1	8	3
2325	286	-1	8	3
3789	290	-1	33	3
2199	291	-1	6	3
1771	294	-1	8	3
536	296	-1	8	3
4204	297	-1	76	3
2495	298	-1	8	3
3162	299	-1	8	3
3553	300	-1	69	3
1591	301	-1	8	3
1129	302	-1	8	3
3224	303	-1	3	3
670	304	-1	7	3
4380	305	-1	16	3
4195	306	-1	25	3
1897	307	-1	8	3
1604	308	-1	8	3
469	309	-1	8	3
2948	310	-1	4	3
1382	311	-1	8	3
3101	313	-1	11	3
2864	315	-1	8	3
1050	316	-1	8	3
1843	317	-1	73	6
2258	318	-1	8	3
1577	319	-1	8	3
2404	320	-1	83	3
519	321	-1	11	3
3016	323	-1	30	3
1931	324	-1	19	3
3893	326	-1	23	3
4575	327	-1	32	3
3030	328	-1	8	3
4337	329	-1	20	5
342	330	-1	9	3
1638	331	-1	4	5
474	332	-1	28	3
4832	333	-1	7	10
3068	335	-1	17	5
2171	336	-1	8	3
4434	337	-1	4	3
1656	338	-1	4	5
629	339	-1	8	3
2579	341	-1	45	3
1777	342	-1	89	10
1409	343	-1	8	3
3773	344	-1	34	3
2546	345	-1	8	3
57	346	-1	11	3
2466	347	-1	25	1
213	348	-1	5	3
2450	349	-1	4	5
2097	350	-1	4	3
2910	352	-1	8	3
1331	354	-1	8	3
4055	356	-1	1	3
2141	359	-1	3	5
622	360	-1	3	3
2935	361	-1	8	3
4261	362	-1	10	3
525	363	-1	8	3
1993	365	-1	10	3
1117	366	-1	8	3
4014	367	-1	16	5
3508	368	-1	55	3
4223	370	-1	5	3
4146	372	-1	16	5
3822	373	-1	3	2
2131	375	-1	3	5
4156	376	-1	15	8
414	377	-1	8	3
2642	378	-1	81	6
1879	379	-1	11	3
1244	380	-1	5	3
2533	381	-1	7	5
602	382	-1	5	3
2776	383	-1	11	3
3360	384	-1	1	3
3517	385	-1	95	3
3517	386	-1	95	3
3248	388	-1	25	3
206	389	-1	5	3
4241	392	-1	7	3
3686	393	-1	24	3
3773	394	-1	34	3
3696	395	-1	22	3
1124	397	-1	8	3
3446	399	-1	37	3