seed 42
20
34
16
37
9
11
9
2
2
8
8
8
8
8
64
23
8
7
8
12
43
8
8
1
8
5
18
2
12
11
3
7
5
4
4
11
8
11
44
8
5
8
1
2
4
9
4
9
3
8
15
8
8
12
44
8
65
8
8
7
27
57
37
4
60
37
8
8
4
3
7
8
62
8
9
20
8
23
3
4
7
7
8
8
7
28
9
18
27
21
19
7
28
7
8
30
11
48
7
8
9
11
4
37
8
8
8
8
48
9
4
8
23
23
5
9
47
8
4
5
41
22
20
8
47
14
1
40
8
16
9
3
7
8
7
3
4
16
6
17
7
30
8
27
57
8
5
44
8
seed 130
1267 34
3409 47
779 8
2897 8
539 7
4765 50
2199 6
2238 21
4751 50
1548 7
3603 2
2071 9
1007 8
3951 2
2995 2
562 5
937 5
3286 18
3061 4
753 30
3682 6
3924 27
1576 7
985 8
4488 2
2529 7
952 8
4309 18
4187 25
1202 4
3270 11
2232 8
871 14
4493 1
2990 8
2043 3
1329 3
2528 4
4803 44
161 21
1304 48
2610 11
4664 5
3539 15
726 38
1201 8
630 4
1174 11
108 5
2524 8
4086 25
4369 16
3902 23
3500 7
4320 18
4649 52
2712 8
4140 7
4824 37
2639 11
941 8
3726 27
1355 11
3878 30
2295 4
2249 21
3492 42
870 4
2846 11
4596 14
358 35
3231 2
3306 2
4635 11
1235 2
2226 4
2555 8
4575 32
4392 21
1461 8
1954 8
2549 8
561 8
3804 20
4131 14
117 5
4315 18
1375 8
4082 5
1285 22
231 46
3364 5
270 5
4514 12
999 2
3301 69
2982 4
3751 14
4323 18
2908 8
1504 7
1131 5
976 24
530 8
1603 24
1584 8
175 9
1340 8
1130 8
1831 8
68 9
3888 23
3282 95
2657 8
749 7
3827 2
2781 8
1240 8
1466 8
4769 50
981 4
967 12
4050 9
4250 1
1683 11
3737 14
3427 9
648 8
3650 6
720 37